0.465205 -0.885017 -0.0181397 1.55512 0.885062 0.465399 -0.00831471 3.01725 0.0158008 -0.0121867 0.999801 -0.320851
0.482475 -0.875755 -0.0164446 1.94642 0.875695 0.482688 -0.0130858 4.06126 0.0193976 -0.00808684 0.999779 -0.319738
0.479098 -0.877636 -0.0148501 2.44389 0.877575 0.479276 -0.0125121 5.06599 0.0180984 -0.00703755 0.999811 -0.295951
0.47405 -0.88039 -0.013785 2.94494 0.880327 0.474208 -0.0123047 6.06524 0.0173699 -0.00630226 0.999829 -0.265828
0.4724 -0.881283 -0.0133754 3.4013 0.881228 0.472547 -0.0116972 6.9996 0.0166291 -0.00626098 0.999842 -0.249508
0.466281 -0.884553 -0.0121304 3.87966 0.884481 0.466413 -0.0123586 7.99593 0.0165896 -0.0049665 0.99985 -0.224652
0.452422 -0.891737 -0.0109385 4.37334 0.891673 0.452532 -0.0116086 8.93681 0.0153018 -0.00450161 0.999873 -0.203922
0.454801 -0.890523 -0.011173 4.7965 0.890461 0.454914 -0.0114887 9.86202 0.0153137 -0.00472402 0.999872 -0.184948
0.457957 -0.888883 -0.0127351 5.29403 0.888825 0.458095 -0.0117842 10.9196 0.0163087 -0.00592263 0.999849 -0.174527
0.472686 -0.881118 -0.0141009 5.8512 0.881055 0.472851 -0.0124367 12.0462 0.0176259 -0.006545 0.999823 -0.164812
0.486784 -0.873407 -0.0141925 6.40969 0.873458 0.486881 -0.0041708 12.9017 0.0105529 -0.0103663 0.999891 -0.115703
0.481913 -0.876108 -0.0139561 6.91906 0.876099 0.482049 -0.00884744 13.9825 0.0144788 -0.00796323 0.999863 -0.113179
0.481092 -0.876549 -0.0145921 7.46902 0.876559 0.481229 -0.007963 15.0717 0.0140021 -0.00895991 0.999862 -0.111214
0.474813 -0.879969 -0.0144348 7.98181 0.879994 0.474937 -0.00670568 16.091 0.0127564 -0.00951864 0.999873 -0.0830321
0.475782 -0.879434 -0.0150862 8.50604 0.879473 0.475909 -0.00616184 17.1491 0.0125986 -0.0103362 0.999867 -0.0611062
0.49611 -0.868123 -0.0153856 9.06399 0.868151 0.496251 -0.00702043 18.2064 0.0137297 -0.00987409 0.999857 -0.050071
0.497511 -0.867325 -0.0151738 9.61691 0.867355 0.497645 -0.00670385 19.2657 0.0133656 -0.0098258 0.999862 -0.0328713
0.490814 -0.871136 -0.0149824 10.1733 0.871189 0.490925 -0.00471835 20.3503 0.0114655 -0.0107366 0.999877 -0.00750339
0.482267 -0.875881 -0.0158325 10.767 0.875944 0.482388 -0.00478417 21.4649 0.0118278 -0.0115611 0.999863 0.000978231
0.476105 -0.879252 -0.0155162 11.3252 0.879312 0.476222 -0.00475608 22.5531 0.0115709 -0.0113792 0.999868 0.00711148
0.46906 -0.883033 -0.0153027 11.8537 0.883102 0.469164 -0.00389566 23.626 0.0106195 -0.0116865 0.999875 0.0183765
0.463328 -0.886055 -0.0152805 12.3578 0.88613 0.463424 -0.00332289 24.6716 0.0100256 -0.0120009 0.999878 0.0285493
0.469815 -0.882633 -0.0152764 12.8931 0.882719 0.469897 -0.00205671 25.7277 0.00899365 -0.0125185 0.999881 0.053816
0.49957 -0.866105 -0.0171039 13.4573 0.866205 0.499682 -0.0027671 26.7944 0.0109431 -0.0134331 0.99985 0.0426345
0.500245 -0.86572 -0.0168446 14.0296 0.865836 0.500327 -0.00076007 27.8556 0.00908582 -0.0142045 0.999858 0.0582699
0.492079 -0.87036 -0.0182072 14.5949 0.870479 0.492199 -0.00249623 28.9455 0.0111342 -0.0146206 0.999831 0.0846218
0.48476 -0.874416 -0.0201328 15.1507 0.874532 0.484941 -0.00507936 30.0267 0.0142047 -0.0151445 0.999784 0.117227
0.478578 -0.877865 -0.017751 15.6807 0.877977 0.478695 -0.00278677 31.0997 0.0109437 -0.0142513 0.999839 0.136001
0.484008 -0.874905 -0.0166639 16.2019 0.875012 0.484099 -0.00169788 32.1284 0.00955244 -0.0137593 0.99986 0.143552
0.511289 -0.859226 -0.0177093 16.8005 0.859308 0.511437 -0.00481983 33.163 0.0131985 -0.0127534 0.999832 0.164507
0.544679 -0.838437 -0.0186725 17.378 0.838509 0.544856 -0.00588815 34.0204 0.0151107 -0.0124499 0.999808 0.19029
0.531034 -0.847183 -0.0168707 17.8952 0.847243 0.531178 -0.00533944 34.9345 0.0134848 -0.0114582 0.999843 0.202582
0.508908 -0.86066 -0.0166315 18.3911 0.860717 0.509052 -0.00574612 35.826 0.0134117 -0.0113907 0.999845 0.220773
0.492269 -0.870293 -0.0161454 18.8653 0.870336 0.492415 -0.00656207 36.7227 0.0136612 -0.0108216 0.999848 0.22243
0.476381 -0.879087 -0.0163471 19.3137 0.879154 0.476511 -0.0050897 37.6319 0.0122638 -0.0119469 0.999853 0.252009
0.473399 -0.880708 -0.0156817 19.7758 0.880757 0.473531 -0.00594383 38.5618 0.0126606 -0.010998 0.999859 0.251525
0.486165 -0.873728 -0.0155815 20.2809 0.873808 0.486262 -0.00296665 39.5283 0.0101688 -0.012173 0.999874 0.27926
0.479219 -0.877556 -0.0156122 20.785 0.877632 0.479323 -0.00349775 40.5184 0.0105527 -0.0120256 0.999872 0.287457
0.47742 -0.878506 -0.0172534 21.3 0.8786 0.477545 -0.00373251 41.557 0.0115183 -0.0133769 0.999844 0.295059
0.491324 -0.870852 -0.0147171 21.8386 0.870946 0.491379 -0.000126451 42.5804 0.00734179 -0.0127556 0.999892 0.287709
0.487809 -0.872798 -0.0163065 22.3538 0.872888 0.487912 -0.00278408 43.5866 0.0103861 -0.0128756 0.999863 0.326971
0.493424 -0.869611 -0.0175823 22.866 0.869729 0.493527 -0.00182263 44.5298 0.0102623 -0.0143925 0.999844 0.343742
0.48996 -0.871569 -0.0175147 23.3426 0.871698 0.490044 -0.000586493 45.4658 0.00909416 -0.0149802 0.999846 0.352397
0.496278 -0.867991 -0.0172941 23.9369 0.868113 0.496366 -0.000902305 46.5768 0.00936739 -0.0145654 0.99985 0.368463
0.491029 -0.870951 -0.0182792 24.3972 0.871084 0.491132 -0.00137707 47.4812 0.0101769 -0.0152465 0.999832 0.380456
0.483713 -0.875038 -0.018181 24.8746 0.875163 0.483824 -0.00205091 48.4264 0.010591 -0.0149193 0.999833 0.390526
0.485363 -0.874126 -0.0180555 25.368 0.87424 0.485486 -0.00290911 49.3319 0.0113086 -0.0143728 0.999833 0.413874
0.478602 -0.877887 -0.0159335 25.8383 0.87799 0.478678 -0.00107268 50.2624 0.00856868 -0.013476 0.999872 0.422527
0.473989 -0.880361 -0.0172795 26.3337 0.880476 0.474086 -0.00181154 51.2984 0.00978678 -0.0143555 0.999849 0.435449
0.489078 -0.872057 -0.0178858 26.8959 0.872168 0.489198 -0.00280779 52.3448 0.0111983 -0.0142262 0.999836 0.44693
0.488841 -0.872188 -0.0179605 27.3617 0.872289 0.488976 -0.00379509 53.2316 0.0120923 -0.0138116 0.999831 0.462932
0.508495 -0.860873 -0.0181779 27.8873 0.860963 0.508647 -0.00465208 54.1502 0.013251 -0.0132849 0.999824 0.482154
0.504382 -0.863309 -0.0172109 28.3891 0.863409 0.504497 -0.00284737 55.0812 0.011141 -0.0134239 0.999848 0.493043
0.499076 -0.866377 -0.0177231 28.8559 0.866491 0.499187 -0.0022321 56.0016 0.010781 -0.0142429 0.99984 0.509928
0.492893 -0.86991 -0.0176928 29.3354 0.870027 0.493 -0.00202137 56.9264 0.010481 -0.0143969 0.999841 0.530313
0.493987 -0.869296 -0.0173605 29.8347 0.869409 0.49409 -0.00193418 57.8428 0.010259 -0.0141379 0.999847 0.539079
0.486768 -0.873357 -0.0174592 30.3124 0.873431 0.486917 -0.00541072 58.763 0.0132267 -0.0126156 0.999833 0.549759
0.480958 -0.876642 -0.0133574 30.7632 0.876744 0.480907 0.00703813 59.6571 0.000253754 -0.0150961 0.999886 0.543077
0.485656 -0.873958 -0.0183217 31.2367 0.874083 0.485772 -0.00223876 60.5977 0.0108568 -0.0149274 0.99983 0.562395
0.490202 -0.871389 -0.0195808 31.7611 0.871527 0.490341 -0.00270936 61.6088 0.0119622 -0.015737 0.999805 0.579386
0.481874 -0.875993 -0.0208383 32.2864 0.876136 0.482048 -0.00397689 62.646 0.0135288 -0.0163408 0.999775 0.588812
0.477418 -0.878385 -0.0226482 32.766 0.878568 0.477605 -0.00339223 63.6234 0.0137966 -0.0182785 0.999738 0.601446
0.47418 -0.880149 -0.0221674 33.232 0.880361 0.474303 -0.00036628 64.5551 0.0108364 -0.0193416 0.999754 0.629243
0.50716 -0.861585 -0.0214247 33.7438 0.861742 0.507336 -0.00333176 65.4502 0.0137401 -0.0167729 0.999765 0.629087
0.521855 -0.852788 -0.0204891 34.2952 0.852938 0.522007 -0.00252567 66.3777 0.0128493 -0.0161579 0.999787 0.64802
0.515923 -0.856381 -0.0208573 34.8072 0.856538 0.516078 -0.00248291 67.2903 0.0128903 -0.0165841 0.999779 0.662587
0.510134 -0.859846 -0.0206859 35.3122 0.860008 0.510277 -0.00195287 68.2192 0.0122347 -0.0167938 0.999784 0.679767
0.501877 -0.864695 -0.0205294 35.8348 0.864882 0.501975 0.000448073 69.2047 0.0099178 -0.0179804 0.999789 0.703647
0.494616 -0.868895 -0.0193826 36.4204 0.869051 0.494722 -0.000756276 70.2863 0.0102461 -0.0164704 0.999812 0.708497
0.499736 -0.865946 -0.020028 36.9995 0.866125 0.499827 0.000526559 71.3971 0.00955454 -0.0176099 0.999799 0.719049
0.510005 -0.859944 -0.0197792 37.5807 0.860145 0.510033 0.00400282 72.4438 0.00664587 -0.0190545 0.999796 0.743522
0.501987 -0.864673 -0.0187228 38.1087 0.864845 0.502033 0.0024841 73.4267 0.00725152 -0.0174393 0.999822 0.753899
0.495242 -0.868544 -0.0191508 38.6025 0.868728 0.49528 0.00302786 74.3717 0.00685518 -0.0181363 0.999812 0.763465
0.487612 -0.872869 -0.0183003 39.1469 0.873041 0.487634 0.00352209 75.4407 0.00584954 -0.0176944 0.999826 0.783478
0.479163 -0.877553 -0.0174264 39.6341 0.877726 0.479079 0.00897861 76.4004 0.000469429 -0.0195978 0.999808 0.77229
0.470847 -0.881968 -0.0208523 40.158 0.882203 0.470833 0.00585643 77.4379 0.00465276 -0.0211534 0.999765 0.804264
0.464669 -0.885272 -0.0193926 40.602 0.885479 0.464629 0.00678591 78.3417 0.00300299 -0.0203249 0.999789 0.819665
0.45732 -0.889067 -0.0204557 41.0836 0.889276 0.457361 0.00287414 79.3728 0.00680036 -0.0195052 0.999787 0.836922
0.452019 -0.891766 -0.0208 41.5924 0.891998 0.452004 0.00570228 80.457 0.00431658 -0.0211311 0.999767 0.846938
0.454871 -0.890293 -0.0217047 42.1019 0.890546 0.454851 0.00612521 81.5454 0.00441919 -0.0221152 0.999746 0.850282
0.464599 -0.885282 -0.0205733 42.6004 0.885512 0.464577 0.00614336 82.4859 0.00411927 -0.0210721 0.999769 0.86982
0.449769 -0.892897 -0.0210626 43.0264 0.893114 0.449826 0.00220834 83.5056 0.00750268 -0.0198045 0.999776 0.87217
0.430139 -0.902517 -0.0210878 43.4376 0.90276 0.430081 0.00741305 84.4604 0.00237907 -0.0222259 0.99975 0.881209
0.421511 -0.906484 -0.024794 43.8492 0.906817 0.421449 0.00792104 85.4143 0.00326913 -0.0258224 0.999661 0.873106
0.430728 -0.902166 -0.0238793 44.3108 0.902482 0.430597 0.0106267 86.5016 0.000695346 -0.0261278 0.999658 0.875685
0.416662 -0.908757 -0.0235101 44.7258 0.909061 0.416555 0.00951074 87.4317 0.00115031 -0.0253349 0.999678 0.890957
0.404006 -0.914493 -0.0219345 45.125 0.914742 0.403751 0.0152322 88.3699 -0.00507365 -0.0262183 0.999643 0.89138
0.381518 -0.924042 -0.0242903 45.4969 0.92436 0.381338 0.0118422 89.5343 -0.00167985 -0.026971 0.999635 0.906208
0.360765 -0.93235 -0.0239087 45.8543 0.932648 0.360534 0.0135207 90.536 -0.00398611 -0.0271762 0.999623 0.899303
0.328337 -0.944264 -0.0236854 46.1654 0.944558 0.328169 0.010785 91.5419 -0.00241104 -0.0259133 0.999661 0.898082
0.30337 -0.952463 -0.0279281 46.3335 0.952868 0.303146 0.0120336 92.5683 -0.00299527 -0.0302625 0.999537 0.859584
0.272755 -0.961587 -0.0309057 46.6371 0.96206 0.272379 0.0158448 93.5808 -0.00681807 -0.0340548 0.999397 0.892865
0.165876 -0.985846 -0.024341 46.8126 0.986103 0.165585 0.0135154 94.7784 -0.00929364 -0.0262446 0.999612 0.869845
0.0683499 -0.997343 -0.0252065 46.7917 0.99756 0.0679605 0.0159952 95.902 -0.0142397 -0.0262382 0.999554 0.828398
-0.0760956 -0.996741 -0.0267787 46.6168 0.99689 -0.0766037 0.0184889 97.1805 -0.02048 -0.0252885 0.99947 0.812973
-0.235147 -0.971425 -0.0322327 46.1974 0.971566 -0.235866 0.0206495 98.2853 -0.027662 -0.0264605 0.999267 0.768202
-0.307997 -0.950862 -0.0316165 45.746 0.950936 -0.308704 0.0205313 99.3902 -0.0292826 -0.0237417 0.999289 0.771787
-0.418861 -0.907542 -0.0303751 45.2414 0.907427 -0.419579 0.0230274 100.299 -0.033643 -0.0179179 0.999273 0.734739
-0.563138 -0.825768 -0.0313391 44.5173 0.825553 -0.56386 0.0228958 101.188 -0.0365775 -0.0129785 0.999247 0.684578
-0.627863 -0.777719 -0.0306825 43.8196 0.7771 -0.628598 0.0312947 101.953 -0.0436254 -0.00419464 0.999039 0.664646
-0.704001 -0.709541 -0.0305567 42.9853 0.708534 -0.704645 0.0381517 102.668 -0.0486018 0.00520837 0.998805 0.601887
-0.727482 -0.685789 -0.0215374 42.1943 0.684925 -0.727706 0.0363468 103.333 -0.0405991 0.0116901 0.999107 0.563903
-0.801329 -0.597893 -0.0198995 41.197 0.596938 -0.801343 0.038913 103.977 -0.0392121 0.0193034 0.999044 0.512317
-0.817322 -0.575634 -0.0251143 40.1508 0.574387 -0.817439 0.0432675 104.658 -0.0454357 0.0209381 0.998748 0.468139
-0.879257 -0.475296 -0.031619 39.0149 0.47417 -0.879648 0.0371882 105.148 -0.045489 0.0177053 0.998808 0.420881
-0.889646 -0.455659 -0.0300956 37.9897 0.454426 -0.889884 0.0400473 105.626 -0.0450295 0.0219516 0.998744 0.362257
-0.896521 -0.44169 -0.0340547 36.9389 0.440278 -0.896884 0.0418916 106.102 -0.0490462 0.0225632 0.998542 0.309777
-0.902555 -0.429223 -0.0340772 35.9833 0.42776 -0.902877 0.0428263 106.527 -0.0491496 0.0240763 0.998501 0.26264
-0.900177 -0.434059 -0.035693 35.0519 0.432607 -0.900609 0.0418793 106.93 -0.0503236 0.0222578 0.998485 0.22852
-0.879108 -0.475285 -0.0356761 34.1087 0.47384 -0.879601 0.0421632 107.441 -0.0514203 0.0201612 0.998474 0.176281
-0.883108 -0.468089 -0.0318354 33.099 0.466793 -0.883431 0.0406739 107.927 -0.0471634 0.0210589 0.998665 0.136778
-0.883957 -0.466462 -0.0321288 32.1774 0.465136 -0.884281 0.0411778 108.364 -0.0476188 0.0214552 0.998635 0.0919748
-0.870008 -0.491753 -0.0355662 31.2404 0.490347 -0.870532 0.0416323 108.892 -0.0514343 0.0187807 0.9985 0.044668
-0.852565 -0.521414 -0.0355061 30.356 0.520106 -0.853158 0.0401372 109.413 -0.0512204 0.0157526 0.998563 0.00407197
-0.854044 -0.518952 -0.036024 29.4345 0.517726 -0.854687 0.0383234 109.946 -0.0506773 0.0140793 0.998616 -0.0540997
-0.848957 -0.52719 -0.0366384 28.3522 0.525926 -0.849635 0.0390264 110.557 -0.0517036 0.0138627 0.998566 -0.0882726
-0.853717 -0.519502 -0.0358582 27.2654 0.518225 -0.854337 0.0393855 111.178 -0.0510958 0.0150415 0.99858 -0.147094
-0.856055 -0.515587 -0.0366039 26.3497 0.514195 -0.856678 0.0413072 111.659 -0.0526552 0.0165397 0.998476 -0.204062
-0.847232 -0.53024 -0.0323089 25.2599 0.529125 -0.847724 0.0372984 112.316 -0.0471661 0.014505 0.998782 -0.252998
-0.851077 -0.523989 -0.033219 24.2714 0.522964 -0.851634 0.0350592 112.89 -0.0466611 0.0124657 0.998833 -0.295499
-0.851875 -0.522749 -0.0322772 23.2788 0.521762 -0.852394 0.0344628 113.457 -0.0455283 0.012517 0.998885 -0.324277
-0.851795 -0.522843 -0.0328716 22.3092 0.52189 -0.852352 0.0335601 114.023 -0.0455648 0.011431 0.998896 -0.385493
-0.846951 -0.53046 -0.0358649 21.2802 0.529424 -0.847646 0.0347473 114.621 -0.0488328 0.0104416 0.998752 -0.424032
-0.846632 -0.530927 -0.0364734 20.2386 0.529956 -0.847371 0.0332842 115.225 -0.048578 0.00885017 0.99878 -0.46341
-0.82767 -0.559996 -0.0369605 19.2586 0.559061 -0.828468 0.0330378 115.894 -0.0491216 0.00668118 0.99877 -0.525007
-0.832621 -0.552608 -0.0369535 18.1766 0.551599 -0.8334 0.0343921 116.551 -0.0498024 0.00825213 0.998725 -0.559156
-0.810419 -0.584468 -0.0402275 17.1406 0.583727 -0.811417 0.0294282 117.272 -0.0498411 0.00036736 0.998757 -0.623983
-0.777503 -0.627646 -0.0393693 16.3037 0.626937 -0.778498 0.0298642 117.909 -0.0493931 -0.00146255 0.998778 -0.66563
-0.721585 -0.691443 -0.0349554 15.5015 0.690743 -0.722429 0.0311472 118.709 -0.0467893 -0.00166983 0.998903 -0.701296
-0.651724 -0.758117 -0.022678 14.8121 0.757857 -0.652107 0.0202476 119.509 -0.0301385 -0.00399077 0.999538 -0.726978
-0.563301 -0.825579 -0.0333492 14.145 0.825351 -0.564112 0.0239368 120.495 -0.0385744 -0.0140412 0.999157 -0.773591
-0.488285 -0.872079 -0.0324963 13.5844 0.871643 -0.489183 0.0306439 121.557 -0.0426205 -0.0133622 0.999002 -0.813894
-0.420201 -0.906736 -0.0355111 13.0739 0.906457 -0.421241 0.0298568 122.687 -0.0420309 -0.0196434 0.998923 -0.817433
-0.352877 -0.934997 -0.0354728 12.6252 0.934912 -0.353863 0.0268526 123.852 -0.0376597 -0.0236883 0.99901 -0.873138
-0.280658 -0.959248 -0.0327641 12.3443 0.959222 -0.281516 0.0253204 124.822 -0.0335122 -0.0243217 0.999142 -0.904176
-0.206389 -0.977921 -0.0327822 12.1474 0.977911 -0.207288 0.0268806 125.884 -0.0330824 -0.0265102 0.999101 -0.932748
-0.117978 -0.992517 -0.0314771 12.0243 0.99262 -0.118767 0.0244844 126.938 -0.0280396 -0.0283561 0.999205 -0.961275
-0.0137753 -0.999307 -0.0345923 12.0166 0.999505 -0.0147402 0.0277954 128.033 -0.0282861 -0.0341923 0.999015 -0.977464
0.134345 -0.990396 -0.0326679 12.2309 0.990872 0.133893 0.0156769 129.11 -0.0111523 -0.0344758 0.999343 -0.990198
0.254412 -0.966482 -0.0344493 12.5002 0.967068 0.253976 0.0165771 130.155 -0.00727223 -0.0375322 0.999269 -1.00474
0.259713 -0.96517 -0.0315728 12.8046 0.965554 0.258998 0.0250086 131.216 -0.0159603 -0.0369803 0.999189 -0.999672
0.277609 -0.960068 -0.0346851 13.0398 0.960668 0.277158 0.0173132 132.27 -0.00700859 -0.0381272 0.999248 -1.00915
0.337423 -0.940757 -0.0334942 13.405 0.941339 0.337013 0.0173916 133.323 -0.0050733 -0.0373977 0.999288 -1.01347
0.360601 -0.932057 -0.0351572 13.7937 0.93272 0.360309 0.0145516 134.378 -0.000895531 -0.0380391 0.999276 -0.992608
0.39768 -0.916882 -0.0343177 14.2133 0.917515 0.397568 0.0103199 135.308 0.00418152 -0.035591 0.999358 -0.978432
0.443443 -0.895702 -0.0327934 14.6483 0.896292 0.443316 0.0114546 136.256 0.00427785 -0.0344719 0.999397 -0.968931
0.451713 -0.891682 -0.029306 15.1808 0.892155 0.451611 0.0103983 137.282 0.00396286 -0.0308425 0.999516 -0.960588
0.444996 -0.894987 -0.0312587 15.6426 0.895485 0.445061 0.00524637 138.359 0.00921659 -0.0303263 0.999498 -0.958153
0.449557 -0.892779 -0.0290604 16.1633 0.893231 0.449532 0.00774107 139.379 0.00615252 -0.0294377 0.999548 -0.924915
0.474163 -0.879847 -0.0322303 16.6246 0.880393 0.474188 0.00733676 140.274 0.00882801 -0.0318542 0.999454 -0.937402
0.492553 -0.869837 -0.0278572 17.1511 0.870263 0.492502 0.00912535 141.26 0.00578217 -0.0287378 0.99957 -0.910643
0.479792 -0.876905 -0.0289332 17.646 0.877352 0.479788 0.00753237 142.281 0.00727662 -0.0289986 0.999553 -0.892401
0.472186 -0.881032 -0.0287044 18.155 0.881471 0.472179 0.00743735 143.266 0.00700109 -0.0288139 0.99956 -0.884139
0.46507 -0.884804 -0.0288249 18.6139 0.885247 0.465063 0.00735495 144.195 0.00689769 -0.0289377 0.999557 -0.861531
0.4683 -0.883133 -0.0277931 19.158 0.883549 0.468272 0.00791045 145.242 0.00602876 -0.0282611 0.999582 -0.833009
0.458311 -0.888372 -0.0273153 19.6055 0.888776 0.458272 0.00800639 146.242 0.00540522 -0.0279466 0.999595 -0.828221
0.469875 -0.882286 -0.0280993 20.1124 0.88271 0.469856 0.00769611 147.299 0.00641247 -0.0284198 0.999576 -0.818331
0.482795 -0.875292 -0.0278047 20.6022 0.875698 0.482819 0.00627223 148.223 0.00793459 -0.0273767 0.999594 -0.790586
0.479571 -0.877098 -0.0266722 21.1634 0.877497 0.479456 0.0109749 149.296 0.0031621 -0.028668 0.999584 -0.805307
0.491089 -0.870746 -0.0251551 21.6867 0.871095 0.491041 0.00846193 150.214 0.004984 -0.0260681 0.999648 -0.774016
0.488743 -0.872038 -0.0260996 22.2152 0.872408 0.488716 0.00781084 151.248 0.00594394 -0.026587 0.999629 -0.738554
0.480938 -0.876414 -0.0244508 22.7247 0.876752 0.480819 0.0109051 152.254 0.00219909 -0.026682 0.999642 -0.737324
0.47155 -0.881461 -0.0258107 23.2554 0.881827 0.471495 0.00857755 153.322 0.00460885 -0.0268053 0.99963 -0.719316
0.465103 -0.88387 -0.0495291 23.8023 0.882882 0.467224 -0.0471358 154.41 0.0648031 -0.0218054 0.99766 -0.652671
0.463033 -0.885883 -0.0284809 24.2604 0.886298 0.46309 0.00496439 155.397 0.00879134 -0.0275412 0.999582 -0.620421
0.483511 -0.874966 -0.0255374 24.8721 0.875337 0.48336 0.0121751 156.482 0.00169097 -0.0282406 0.9996 -0.600871
0.49626 -0.867781 -0.0261301 25.3851 0.868172 0.495973 0.0169662 157.539 -0.00176312 -0.0311051 0.999515 -0.625443
0.56917 -0.82175 -0.0277842 25.999 0.822212 0.568986 0.0149022 158.417 0.00356296 -0.0313264 0.999503 -0.61912
0.694377 -0.718856 -0.0329714 26.8989 0.719455 0.694452 0.0109767 159.285 0.0150064 -0.0313434 0.999396 -0.565251
0.823038 -0.566953 -0.0342464 27.8364 0.56754 0.823285 0.00999576 159.826 0.0225274 -0.0276631 0.999363 -0.548901
0.917244 -0.396652 -0.0364649 28.8415 0.39705 0.917788 0.00407942 160.171 0.031849 -0.0182202 0.999327 -0.496871
0.972675 -0.228725 -0.0398567 29.9034 0.228752 0.973477 -0.0039545 160.35 0.039704 -0.00527084 0.999198 -0.446983
0.998255 -0.04008 -0.0433763 31.0418 0.0398222 0.999184 -0.00679159 160.324 0.0436131 0.00505239 0.999036 -0.395011
0.984765 0.164635 -0.0559733 32.1795 -0.165191 0.986247 -0.00540939 160.107 0.0543129 0.0145732 0.998418 -0.342825
0.972873 0.224578 -0.055525 33.1495 -0.225345 0.974247 -0.00789304 159.854 0.0523225 0.0201912 0.998426 -0.292404
0.974045 0.219439 -0.0555166 34.4035 -0.220183 0.975429 -0.00758532 159.606 0.052488 0.0196123 0.998429 -0.234817
0.970367 0.235679 -0.0533327 35.6293 -0.236314 0.971659 -0.00584294 159.378 0.0504441 0.018273 0.99856 -0.12746
0.95201 0.301666 -0.051726 36.6512 -0.301954 0.95332 0.00234262 159.081 0.0500181 0.0133887 0.998659 -0.0728707
0.906955 0.417827 -0.0534161 37.6384 -0.418557 0.908186 -0.00275955 158.575 0.0473588 0.0248605 0.998569 -0.00214181
0.88777 0.458335 -0.0423477 38.558 -0.459368 0.888051 -0.0186062 158.098 0.0290791 0.0359712 0.99893 0.00425513
0.891285 0.45182 -0.0383474 39.4984 -0.452758 0.891398 -0.0204763 157.623 0.0249312 0.0356123 0.999055 0.0461446
0.896649 0.438459 -0.06143 40.4821 -0.439571 0.898193 -0.00520783 157.189 0.0528925 0.0316724 0.998098 0.0964307
0.889528 0.452241 -0.0649491 41.6089 -0.453593 0.891181 -0.00700501 156.651 0.0547134 0.0356916 0.997864 0.191389
0.876661 0.476829 -0.064023 42.5589 -0.478249 0.878187 -0.00808399 156.151 0.0523695 0.0377059 0.997916 0.255008
0.873708 0.482498 -0.0618938 43.509 -0.484026 0.874976 -0.0116901 155.677 0.0485151 0.040172 0.998014 0.316682
0.877028 0.476183 -0.0638095 44.4331 -0.477715 0.878453 -0.0104287 155.179 0.0510876 0.0396291 0.997908 0.371786
0.879159 0.472603 -0.0610403 45.3452 -0.473924 0.880525 -0.00844181 154.745 0.0497579 0.0363502 0.9981 0.436843
0.875075 0.480192 -0.0604952 46.3426 -0.481454 0.87644 -0.00742887 154.228 0.0494531 0.0356265 0.998141 0.47081
0.876774 0.476975 -0.0613281 47.2562 -0.478473 0.878024 -0.0116938 153.758 0.0482699 0.0395966 0.998049 0.546919
0.8762 0.478051 -0.0611602 48.2206 -0.479411 0.877545 -0.00896988 153.28 0.0493827 0.0371803 0.998088 0.609632
0.868882 0.491389 -0.0598355 49.2821 -0.492639 0.870203 -0.00731951 152.709 0.0484722 0.0358371 0.998181 0.671987
0.868833 0.491384 -0.0605876 50.1763 -0.492635 0.87021 -0.00676849 152.217 0.049398 0.0357282 0.99814 0.73188
0.872752 0.484471 -0.0599329 51.1431 -0.485837 0.873994 -0.00983728 151.736 0.0476151 0.0377031 0.998154 0.777742
0.877016 0.476678 -0.060168 52.13 -0.477902 0.878386 -0.00698667 151.25 0.0495203 0.0348818 0.998164 0.857796
0.881486 0.468331 -0.0604073 53.153 -0.469648 0.882809 -0.00895662 150.759 0.0491334 0.0362653 0.998134 0.922556
0.882646 0.466732 -0.0556441 54.2564 -0.467579 0.883948 -0.00251947 150.227 0.0480105 0.0282418 0.998447 0.986759
0.862227 0.50331 -0.0569534 55.2532 -0.504414 0.863441 -0.00599663 149.627 0.0461577 0.0338986 0.998359 1.03834
0.866749 0.495417 -0.0575186 56.1931 -0.49658 0.867962 -0.00707945 149.114 0.0464167 0.0346987 0.998319 1.11461
0.872109 0.486011 -0.0567325 57.2733 -0.48719 0.873257 -0.00829816 148.568 0.0455091 0.0348764 0.998355 1.16778
0.877507 0.476286 -0.0559683 58.2133 -0.477271 0.878743 -0.0049267 148.096 0.0468352 0.0310353 0.99842 1.23949
